                                       2     1000000        7507004
 cd-109 (88keV) source inside of silicon                                        
ntal     2
   14   18
tally   14    2    0
f        1
      2
d        1
u        0
s        0
m        0
c        0
et       5
  0.00000E+00  6.25000E-02  6.75000E-02  1.00000E-01
t        0
vals
  0.00000E+00 0.0000  8.22033E-03 0.0102  2.08729E-02 0.0065  7.17347E-01 0.0002
  7.46441E-01 0.0003
tfc   10       1       1       1       1       1       1       5       1
     100000  7.46430E-01  8.59254E-04
     200000  7.45790E-01  6.05530E-04
     300000  7.45997E-01  4.95144E-04
     400000  7.46215E-01  4.29055E-04
     500000  7.46355E-01  3.84089E-04
     600000  7.46298E-01  3.50407E-04
     700000  7.46456E-01  3.24725E-04
     800000  7.46493E-01  3.03877E-04
     900000  7.46443E-01  2.86471E-04
    1000000  7.46441E-01  2.71975E-04
tally   18    2    0
f        1
      2
d        1
u        0
s        0
m        0
c        0
et       6
  0.00000E+00  1.00000E-10  2.00000E-02  2.50000E-02  1.00000E-01
t        0
vals
  0.00000E+00 0.0000  7.80555E-01 0.0005  1.30042E-01 0.0026  2.20370E-02 0.0067
  6.73660E-02 0.0037  1.00000E+00 0.0000
tfc   10       1       1       1       1       1       1       6       1
     100000  1.00000E+00  0.00000E+00
     200000  1.00000E+00  0.00000E+00
     300000  1.00000E+00  0.00000E+00
     400000  1.00000E+00  0.00000E+00
     500000  1.00000E+00  0.00000E+00
     600000  1.00000E+00  0.00000E+00
     700000  1.00000E+00  0.00000E+00
     800000  1.00000E+00  0.00000E+00
     900000  1.00000E+00  0.00000E+00
    1000000  1.00000E+00  0.00000E+00
