                                       2       10000         187381
 phtvr -- Double fluorence test with dxtran and forced collisions               
ntal     4
    1    4    8   18
tally    1    2    0
f        1
      1
d        1
u        0
s        0
m        0
c        2
  0.00000E+00  1.00000E+00
e        0
t        0
vals
  1.84157E-04 0.0504  1.36702E-02 0.0347
tfc   10       1       1       1       1       1       2       1       1
       1000  1.26753E-02  1.13617E-01
       2000  1.17702E-02  8.33974E-02
       3000  1.19818E-02  6.75653E-02
       4000  1.21228E-02  5.84147E-02
       5000  1.26561E-02  5.10871E-02
       6000  1.34142E-02  4.53222E-02
       7000  1.35296E-02  4.16780E-02
       8000  1.35966E-02  3.88786E-02
       9000  1.35521E-02  3.67342E-02
      10000  1.36702E-02  3.47118E-02
tally    4    2    0
f        1
      1
d        1
u        0
s        0
m        0
c        0
et      23
  0.00000E+00  1.00000E-08  2.00000E-03  1.24211E-02  2.28421E-02  3.32632E-02
  4.36842E-02  5.41053E-02  6.45263E-02  7.49474E-02  8.53684E-02  9.57895E-02
  1.06211E-01  1.16632E-01  1.27053E-01  1.37474E-01  1.47895E-01  1.58316E-01
  1.68737E-01  1.79158E-01  1.89579E-01  2.00000E-01
t        0
vals
  0.00000E+00 0.0000  0.00000E+00 0.0000  0.00000E+00 0.0000  0.00000E+00 0.0000
  6.51325E-10 0.0178  0.00000E+00 0.0000  0.00000E+00 0.0000  0.00000E+00 0.0000
  1.67784E-12 0.9095  1.11324E-10 0.1585  2.58385E-10 0.1201  6.31850E-09 0.0281
  1.06013E-08 0.0219  6.17124E-09 0.0348  1.35710E-10 0.1470  1.29190E-10 0.1607
  1.72099E-10 0.1638  2.19642E-10 0.1674  1.53126E-10 0.1553  2.46162E-10 0.1695
  3.25676E-10 0.1353  4.44768E-08 0.0094  6.99722E-08 0.0075
tfc   10       1       1       1       1       1       1      23       1
       1000  7.11347E-08  2.30546E-02
       2000  7.02680E-08  1.65414E-02
       3000  6.99199E-08  1.37435E-02
       4000  6.93758E-08  1.18210E-02
       5000  6.95113E-08  1.06709E-02
       6000  6.92690E-08  9.70786E-03
       7000  6.96305E-08  8.98406E-03
       8000  6.97340E-08  8.39710E-03
       9000  6.99552E-08  7.90750E-03
      10000  6.99722E-08  7.51215E-03
tally    8    2    0
f        1
      1
d        1
u        0
s        0
m        0
c        0
et      23
  0.00000E+00  1.00000E-08  2.00000E-03  1.24211E-02  2.28421E-02  3.32632E-02
  4.36842E-02  5.41053E-02  6.45263E-02  7.49474E-02  8.53684E-02  9.57895E-02
  1.06211E-01  1.16632E-01  1.27053E-01  1.37474E-01  1.47895E-01  1.58316E-01
  1.68737E-01  1.79158E-01  1.89579E-01  2.00000E-01
t        0
vals
  0.00000E+00 0.0000  5.03913E-02 0.0427  0.00000E+00 0.0000  4.99356E-04 0.4364
  4.77632E-04 0.4043  1.24962E-04 0.8056  1.07182E-04 0.9336  2.03439E-04 0.6953
  2.32586E-04 0.5893  1.11805E-04 0.8970  3.42707E-05 0.3420  9.09190E-03 0.1016
  2.00528E-02 0.0686  7.22463E-04 0.2467  5.02369E-04 0.4002  2.17940E-05 0.4448
  1.89403E-05 0.5237  1.28004E-05 0.8198  2.85010E-05 0.4821  4.59081E-05 0.3840
  5.10773E-04 0.4380  9.16700E-01 0.0030  9.99891E-01 0.0002
tfc   10       1       1       1       1       1       1      23       1
       1000  1.00036E+00  4.35477E-04
       2000  1.00032E+00  2.86935E-04
       3000  1.00051E+00  2.27257E-04
       4000  1.00028E+00  2.19963E-04
       5000  1.00033E+00  2.01256E-04
       6000  1.00014E+00  1.99295E-04
       7000  1.00007E+00  1.85262E-04
       8000  9.99994E-01  1.75170E-04
       9000  9.99978E-01  1.66503E-04
      10000  9.99891E-01  1.60287E-04
tally   18    2    0
f        1
      1
d        1
u        0
s        0
m        0
c        0
e        0
t        0
vals
  1.86514E-01 0.0025
tfc   10       1       1       1       1       1       1       1       1
       1000  1.87495E-01  7.57533E-03
       2000  1.88382E-01  5.14041E-03
       3000  1.88172E-01  4.24348E-03
       4000  1.88026E-01  3.71645E-03
       5000  1.87509E-01  3.39996E-03
       6000  1.86762E-01  3.20942E-03
       7000  1.86653E-01  2.97744E-03
       8000  1.86587E-01  2.79192E-03
       9000  1.86636E-01  2.62769E-03
      10000  1.86514E-01  2.50706E-03
